RUN RESULTS

#######################################
Initial settings
initial_range: 1
T: 10.0
L: 2000
punishment: 50.0
theta: 0.99
initial_solution_range: 1
punishment2: 200.0
objective_source_file: sources/objective.csv
network_source_file: sources/ecoli_core_model.csv
step_size: 0.00005
punishment3: 1000.0
balance_precision: 0.0001
constraints_source_file: sources/constraints.csv
epsilon: 0.00001
seed: 32494161
runs: 1
#######################################



Run #1
Seed: 32494161
Initial flux vector [false, 25 constraints failed] (-6423.94153033449): 
b: -1.0,-2.0,0.0,-2.0,0.0,-1.0,-1.0,-1.0,-1.0,-1.0,-2.0,-2.0,-2.0,-1.0,-1.0,-1.0,0.0,0.0,-2.0,-1.0,-2.0,-1.0,-2.0,0.0,-1.0,-1.0,-2.0,-1.0
v: 0.03696201870190766,-1.0874923971870383,0.32000546377822836,-0.6148175801033597,-0.6148175801033594,0.32000546377822847,0.7412405109791812,-4.806268284399118e-5,-0.09346571914466809,1.1244544158889485,-0.588629290941103,0.5135853571205472,0.028984989180789858,0.019719995994814138,-0.6148175801033595,-0.5405475484455873,-0.7731756112424646,-0.11921149399428237,1.124454415888947,-0.3200054637782299,1.0874923971870418,0.09346571914466725,-0.01971999599481447,-1.1244544158889462,-0.9248137636201619,0.9723689758056787,-0.6883794523663977,-1.1671232618580323,-0.17472912449025826,0.3067100467118239,-0.4227621638031815,0.46876458425555034,0.7731756112424658,0.13366875311560722,-0.11530114673631386,0.2702737742227946,-0.10662707969925726,0.11366511994066394,0.006152782607311391,-0.22238480823113813,0.02639808386702324,0.3134136289999109,-0.6114001346202508,0.28146278495732224,-0.9723689758056775,-0.18930945653766162,0.6883794523663974,1.1649231766360897,-0.0758499501799299,1.1671232618580305,-0.9144140512716243,0.17472912449025801,0.9550174198945736,-1.984732617902514,1.2376362293876217,-0.3067100467118239,1.164923176636091,-0.46876458425555245,0.25667048351054317,-0.8714880636139036,-0.7731756112424661,-0.871488063613904,-0.13366875311560833,-1.6696290133982508,0.2890066219326468,0.1861561181984321,0.33714136045847193,1.6463153855503119,0.11530114673631435,-0.270273774222794,-0.8098294201254731,-0.19598672436411685,-0.9248137636201628,-0.0037418375601206144,0.07584995017993001,1.1649231766360906,0.11921149399437589,0.10662707969925675,-1.1618617792465085,-2.268460692710718,0.7412405109791786,-0.3200054637782269,-0.6943702904154171,-0.11366511994066585,0.7557810408675745,-0.409142135768516,-0.820686037950538,-0.8145332553432267,-0.596226123946737,4.8062682844074445e-5,0.38312231098092026,-0.46612521938938123,0.3831223109809213,0.37265872988665427,-0.22238480823113987

Last [true, 0 constraints failed] (999.825600239302):
b: -0.46645000000005876,-4.444199999994304,-0.04280000000000054,1.0034500000019138,-3.204099999999202,0.08574999999989674,1.192400000000202,-2.7804500000002914,-1.102400000000216,-2.2643000000014943,-6.871399999988647,2.335850000003234,1.66980000000332,1.4940500000008385,-0.355150000000071,1.254050000000332,-0.8115999999999188,-1.4778000000009064,-2.6441999999984986,-1.6395500000013496,-0.08519999999799033,1.5082500000008685,2.750350000002268,-1.1226000000001568,-2.1197500000018312,-0.2399500000000837,3.216850000001181,1.6144000000010925
v: -0.5641185108499666,-0.383097876300044,-0.13389466551704696,0.13011895114729533,0.13011895114729352,-0.13389466551704818,1.8522169787563394,0.00013807172797725142,-0.0008799364318893554,-0.18102063454992465,8.407123365732032,1.5160666550767756,-0.17439976069795018,-0.679740651551699,0.13011895114729444,1.6640150648963523,-1.002784013321132,0.560890573285831,-0.18102063454992431,0.1338946655170474,0.38309787630004705,0.0008799364318921588,0.6797406515516943,0.18102063454992373,0.17753468202541905,-8.916993681948315e-5,2.14216035285264e-6,-0.002165015729659575,7.950156534943138e-5,0.31262143928643954,-1.2601270473821962,0.009905288916631644,1.002784013321133,8.865215575418195e-5,0.6381865727166436,-0.8320075324481738,0.6415643996796007,0.011721944112232194,0.14252675202165788,0.0076029037180535206,0.2025825632484522,0.3754180643594518,0.5529527463848706,0.5330474364201345,8.916993681948315e-5,-0.137830918501376,-2.1421603537963296e-6,0.504380171744057,0.2999885312816579,0.0021650157296605743,0.011513272886241432,-7.950156534937067e-5,0.6452650447662365,0.004434800836649447,0.051592989294707126,-0.3126214392864404,0.5043801717440581,-0.009905288916629007,0.12555904719463673,0.004559903952655828,-1.002784013321132,0.004559903952655927,-8.865215575368235e-5,-2.6682696615023977,2.5226413464994657,0.01226864829845787,1.8018438412373758,4.841973219487503,-0.6381865727166447,0.8320075324481745,0.0015419262977686699,0.21018546696650411,0.17753468202541833,-0.46646320507131295,-0.29998853128165714,0.5043801717440569,-0.5608905732857975,-0.641564399679601,2.5491453315697408,0.06235677135907583,1.85221697875634,0.13389466551704635,0.014595721943330392,-0.011721944112232239,0.46161199581906104,-0.042768175924998056,1.3456149734844736,1.4881417255061327,0.3952186600791109,-0.00013807172797980494,0.19932684110355212,0.8296504826379368,0.1993268411035486,0.2622851547155117,0.007602903718055998
Best [true, 0 constraints failed] (999.826036458536):
b: -0.47210000000005814,-4.444599999994303,-0.048550000000000704,0.9921000000019073,-3.192549999999229,0.08369999999989697,1.1932000000002037,-2.769550000000317,-1.1051000000002218,-2.2663000000014897,-6.868699999988653,2.339650000003225,1.66985000000332,1.4945000000008395,-0.35495000000007104,1.2399500000003023,-0.8150499999999185,-1.4732500000008968,-2.6305499999985305,-1.6489500000013695,-0.08794999999799002,1.5076000000008671,2.7480000000022735,-1.1212000000001539,-2.126200000001816,-0.23790000000008393,3.2070000000012038,1.6079000000010788
v: -0.5685275850911025,-0.3887537848531824,-0.13532292306245894,0.12722027977336042,0.12722027977335865,-0.13532292306246002,1.846142821879493,0.00044257488862720074,-0.0013914964627951276,-0.17977380023792247,8.394496397261415,1.5198672372345443,-0.173963541463971,-0.6862401049424789,0.1272202797733597,1.6631100225335707,-1.0041650191514575,0.5612437842626091,-0.17977380023792208,0.1353229230624589,0.3887537848531853,0.0013914964627981807,0.6862401049424743,0.17977380023792122,0.17580302446026547,5.49121554556109e-5,-4.5653736014672486e-5,-0.0038764588817333245,-9.172285475708523e-5,0.3126138010042494,-1.2637493976120417,0.012629338221014474,1.0041650191514577,-6.302671749799926e-5,0.636158043600005,-0.8315550112667831,0.6399596799835616,0.008545436389218234,0.13725652638714939,0.007767031926713665,0.20185066072142197,0.37644147778125886,0.5522445022415242,0.5241813360360499,-5.491215545566641e-5,-0.1362149026045847,4.565373601353451e-5,0.5072881484813542,0.3009943262324686,0.0038764588817343237,0.006354390605099597,9.172285475714595e-5,0.6391525275684359,0.003359906636669227,0.047568684375523584,-0.3126138010042502,0.5072881484813548,-0.012629338221011366,0.12666688461543602,0.0005533951579221649,-1.004165019151457,0.0005533951579220989,6.302671749865152e-5,-2.671307635332565,2.527960008251568,0.007749146351833595,1.7993705788741696,4.831523645281212,-0.636158043600006,0.8315550112667838,0.003840597925908684,0.20961769264813404,0.17580302446026458,-0.4677491635995024,-0.30099432623246813,0.5072881484813542,-0.5612437842625756,-0.6399596799835622,2.5524101630395712,0.06470290746732177,1.8461428218794944,0.1353229230624581,0.006162278217521772,-0.008545436389218248,0.4632370925918746,-0.04405105588948122,1.3424444389800139,1.4797009653671644,0.38792077969545047,-0.0004425748886290881,0.20021812706169223,0.8245678523198501,0.2002181270616887,0.2630189655301853,0.007767031926716128

############################################################
Best solution found: 
b:-0.47210000000005814,-4.444599999994303,-0.048550000000000704,0.9921000000019073,-3.192549999999229,0.08369999999989697,1.1932000000002037,-2.769550000000317,-1.1051000000002218,-2.2663000000014897,-6.868699999988653,2.339650000003225,1.66985000000332,1.4945000000008395,-0.35495000000007104,1.2399500000003023,-0.8150499999999185,-1.4732500000008968,-2.6305499999985305,-1.6489500000013695,-0.08794999999799002,1.5076000000008671,2.7480000000022735,-1.1212000000001539,-2.126200000001816,-0.23790000000008393,3.2070000000012038,1.6079000000010788
v:-0.5685275850911025,-0.3887537848531824,-0.13532292306245894,0.12722027977336042,0.12722027977335865,-0.13532292306246002,1.846142821879493,0.00044257488862720074,-0.0013914964627951276,-0.17977380023792247,8.394496397261415,1.5198672372345443,-0.173963541463971,-0.6862401049424789,0.1272202797733597,1.6631100225335707,-1.0041650191514575,0.5612437842626091,-0.17977380023792208,0.1353229230624589,0.3887537848531853,0.0013914964627981807,0.6862401049424743,0.17977380023792122,0.17580302446026547,5.49121554556109e-5,-4.5653736014672486e-5,-0.0038764588817333245,-9.172285475708523e-5,0.3126138010042494,-1.2637493976120417,0.012629338221014474,1.0041650191514577,-6.302671749799926e-5,0.636158043600005,-0.8315550112667831,0.6399596799835616,0.008545436389218234,0.13725652638714939,0.007767031926713665,0.20185066072142197,0.37644147778125886,0.5522445022415242,0.5241813360360499,-5.491215545566641e-5,-0.1362149026045847,4.565373601353451e-5,0.5072881484813542,0.3009943262324686,0.0038764588817343237,0.006354390605099597,9.172285475714595e-5,0.6391525275684359,0.003359906636669227,0.047568684375523584,-0.3126138010042502,0.5072881484813548,-0.012629338221011366,0.12666688461543602,0.0005533951579221649,-1.004165019151457,0.0005533951579220989,6.302671749865152e-5,-2.671307635332565,2.527960008251568,0.007749146351833595,1.7993705788741696,4.831523645281212,-0.636158043600006,0.8315550112667838,0.003840597925908684,0.20961769264813404,0.17580302446026458,-0.4677491635995024,-0.30099432623246813,0.5072881484813542,-0.5612437842625756,-0.6399596799835622,2.5524101630395712,0.06470290746732177,1.8461428218794944,0.1353229230624581,0.006162278217521772,-0.008545436389218248,0.4632370925918746,-0.04405105588948122,1.3424444389800139,1.4797009653671644,0.38792077969545047,-0.0004425748886290881,0.20021812706169223,0.8245678523198501,0.2002181270616887,0.2630189655301853,0.007767031926716128
With biomass -0.173963541463971
Feasible? [true, 0 constraints failed]
From run #1
